1
84
87 78 16 94 36 87 93 50 22 63 28 91 60 64 27 41 27 73 37 12 69 68 30 83 31 63 24 68 36 30 3 23 59 70 68 94 57 12 43 30 74 22 20 85 38 99 25 16 71 14 27 92 81 57 74 63 71 97 82 6 26 85 28 37 6 47 30 14 58 25 96 83 46 15 68 35 65 44 51 88 9 77 79 89 

Its Correct output is:
3 6 9 12 14 15 16 20 22 23 24 25 26 27 28 30 31 35 36 37 38 41 43 44 46 47 50 51 57 58 59 60 63 64 65 68 69 70 71 73 74 77 78 79 81 82 83 85 87 88 89 91 92 93 94 96 97 99

And Your Code's Output is:
3 6 6 9 12 12 14 14 15 16 16 20 22 22 23 24 25 25 26 27 27 27 28 28 30 30 30 30 31 35 36 36 37 37 38 41 43 44 46 47 50 51 57 57 58 59 60 63 63 63 64 65 68 68 68 68 69 70 71 71 73 74 74 77 78 79 81 82 83 83 85 85 87 87 88 89 91 92 93 94 94 96 97 99


